A=[0.0000	0.676	;
0.0000	0.702	;
0.0000	0.683	;
0.0000	0.676	;
0.0000	0.682	;
0.0000	0.720	;
0.1545	0.851	;
0.3471	0.903	;
0.5489	0.974	;
0.7240	0.965	;
0.8527	0.983	;
0.9598	0.999	;
1.0000	0.991	;
0.9228	0.921	;
0.8733	0.903	;
0.7250	0.947	;
0.5469	0.939	;
0.3481	1.000	;
0.1462	0.956	;
0.0000	0.939	;
0.0000	0.815	;
0.0000	0.771	;
0.0000	0.764	;
0.0000	0.720	;
0.0000	0.6554	;
0.0000	0.6805	;
0.0000	0.6630	;
0.0000	0.6554	;
0.0000	0.6617	;
0.0000	0.6980	;
0.1468	0.8259	;
0.3297	0.8760	;
0.5215	0.9449	;
0.6878	0.9362	;
0.8101	0.9537	;
0.9118	0.9687	;
0.9500	0.9612	;
0.8766	0.8936	;
0.8297	0.8760	;
0.6888	0.9186	;
0.5195	0.9111	;
0.3307	0.9700	;
0.1389	0.9274	;
0.0000	0.9111	;
0.0000	0.7908	;
0.0000	0.7482	;
0.0000	0.7407	;
0.0000	0.6980	;
0.0000	0.6423	;
0.0000	0.6669	;
0.0000	0.6497	;
0.0000	0.6423	;
0.0000	0.6485	;
0.0000	0.6841	;
0.1321	0.8094	;
0.2967	0.8585	;
0.4693	0.9260	;
0.6190	0.9174	;
0.7291	0.9346	;
0.8207	0.9494	;
0.8550	0.9420	;
0.7890	0.8757	;
0.7467	0.8585	;
0.6199	0.9002	;
0.4676	0.8929	;
0.2976	0.9506	;
0.1250	0.9088	;
0.0000	0.8929	;
0.0000	0.7750	;
0.0000	0.7332	;
0.0000	0.7258	;
0.0000	0.6841	;
% 0.0000	0.6166	;
% 0.0000	0.6402	;
% 0.0000	0.6237	;
% 0.0000	0.6166	;
% 0.0000	0.6225	;
% 0.0000	0.6567	;
% 0.1123	0.7770	;
% 0.2522	0.8241	;
% 0.3989	0.8890	;
% 0.5262	0.8807	;
% 0.6197	0.8972	;
% 0.6976	0.9114	;
% 0.7268	0.9043	;
% 0.6706	0.8407	;
% 0.6347	0.8241	;
% 0.5269	0.8642	;
% 0.3974	0.8572	;
% 0.2530	0.9126	;
% 0.1063	0.8725	;
% 0.0000	0.8572	;
% 0.0000	0.7440	;
% 0.0000	0.7039	;
% 0.0000	0.6968	;
% 0.0000	0.6567	;
% 0.0000	0.5920	;
% 0.0000	0.6146	;
% 0.0000	0.5988	;
% 0.0000	0.5920	;
% 0.0000	0.5976	;
% 0.0000	0.6305	;
% 0.1123	0.7459	;
% 0.2522	0.7912	;
% 0.3989	0.8534	;
% 0.5262	0.8455	;
% 0.6197	0.8614	;
% 0.6976	0.8749	;
% 0.7268	0.8681	;
% 0.6706	0.8070	;
% 0.6347	0.7912	;
% 0.5269	0.8297	;
% 0.3974	0.8229	;
% 0.2530	0.8761	;
% 0.1063	0.8376	;
% 0.0000	0.8229	;
% 0.0000	0.7142	;
% 0.0000	0.6757	;
% 0.0000	0.6689	;
% 0.0000	0.6305	;
% 0.0000	0.4440	;
% 0.0000	0.4610	;
% 0.0000	0.4491	;
% 0.0000	0.4440	;
% 0.0000	0.4482	;
% 0.0000	0.4728	;
% 0.1123	0.5594	;
% 0.2522	0.5934	;
% 0.3989	0.6401	;
% 0.5262	0.6341	;
% 0.6197	0.6460	;
% 0.6976	0.6562	;
% 0.7268	0.6511	;
% 0.6706	0.6053	;
% 0.6347	0.5934	;
% 0.5269	0.6222	;
% 0.3974	0.6172	;
% 0.2530	0.6571	;
% 0.1063	0.6282	;
% 0.0000	0.6172	;
% 0.0000	0.5357	;
% 0.0000	0.5068	;
% 0.0000	0.5017	;
% 0.0000	0.4728	;
% 0.0000	0.2886	;
% 0.0000	0.2996	;
% 0.0000	0.2919	;
% 0.0000	0.2886	;
% 0.0000	0.2913	;
% 0.0000	0.3073	;
% 0.1347	0.3636	;
% 0.3027	0.3857	;
% 0.4787	0.4160	;
% 0.6314	0.4122	;
% 0.7437	0.4199	;
% 0.8371	0.4265	;
% 0.8721	0.4232	;
% 0.8047	0.3934	;
% 0.7616	0.3857	;
% 0.6323	0.4045	;
% 0.4769	0.4012	;
% 0.3036	0.4271	;
% 0.1275	0.4083	;
% 0.0000	0.4012	;
% 0.0000	0.3482	;
% 0.0000	0.3294	;
% 0.0000	0.3261	;
% 0.0000	0.3073	
];